08 46 51 FD-2717 
08 51 51 FY-2063 
08 56 03 DE-4490 
08 56 50 LS-3203 
09 01 06 GK-3407 
09 01 52 ZU-6245 
09 01 55 LB-7328 
09 06 07 HN-9314 
09 06 32 LX-6981 
09 11 10 FY-8320 
09 11 47 BU-9875 
09 16 27 XU-8732 
09 21 14 EZ-4295 
09 26 21 FO-0435 
09 31 01 CK-5976 
09 31 08 KZ-7942 
09 31 24 KY-5811 
09 36 42 LX-6656 
09 41 36 XF-6976 
09 46 43 VV-8480 
09 51 04 CK-0726 
09 51 21 OU-5180 
09 56 31 VD-9088 
10 01 04 UV-3161 
10 01 50 MJ-4313 
10 06 14 TM-1281 
10 16 24 FR-6201 
10 16 56 KU-6587 
10 21 19 JQ-3154 
10 26 37 DI-2797 
10 31 28 IW-9065 
10 36 47 XQ-2257 
10 41 46 VX-3705 
10 46 50 QM-4573 
10 51 11 FZ-3406 
10 56 31 VB-9322 
11 01 03 IN-5066 
11 01 20 SC-5181 
11 01 30 IT-7437 
11 06 14 WC-0699 
11 16 05 FW-4032 
11 21 28 HT-4749 
11 26 16 OE-4717 
11 31 42 XL-0186 
11 36 55 VN-7689 
11 41 18 IV-3641 
11 41 57 MQ-6121 
11 46 05 LL-9637 
11 46 33 KQ-2692 
11 46 40 AT-9498 
11 51 50 FF-4282 
11 56 05 EN-5244 
12 06 44 NI-9234 
12 11 18 QA-4856 
12 16 42 TK-8617 
12 21 12 GK-5289 
12 26 05 BC-0697 
12 26 44 MU-8570 
12 26 52 DO-8005 
12 31 05 MW-1754 
12 31 47 UX-1030 
12 36 05 ZG-4536 
12 41 18 OQ-8017 
12 46 09 UX-6512 
12 46 27 AS-8521 
12 56 00 SL-0839 
12 56 08 XU-1904 
12 56 48 LG-7305 
13 01 05 CH-1893 
13 01 45 VP-6189 
13 06 13 JW-5259 
13 11 36 MX-4428 
13 11 45 CL-7854 
13 16 28 SG-3130 
13 21 26 LI-0432 
13 26 09 KU-0133 
13 31 57 QZ-1512 
13 36 49 AK-2236 
13 46 35 BD-5782 
08 46 51 FD-2717 
08 51 51 FY-2063 
08 56 03 DE-4490 
08 56 50 LS-3203 
09 01 06 GK-3407 
09 01 52 ZU-6245 
09 01 55 LB-7328 
09 06 07 HN-9314 
09 06 32 LX-6981 
09 11 10 FY-8320 
09 11 47 BU-9875 
09 16 27 XU-8732 
09 21 14 EZ-4295 
09 26 21 FO-0435 
09 31 01 CK-5976 
09 31 08 KZ-7942 
09 31 24 KY-5811 
09 36 42 LX-6656 
09 41 36 XF-6976 
09 46 43 VV-8480 
09 51 04 CK-0726 
09 51 21 OU-5180 
09 56 31 VD-9088 
10 01 04 UV-3161 
10 01 50 MJ-4313 
10 06 14 TM-1281 
10 16 24 FR-6201 
10 16 56 KU-6587 
10 21 19 JQ-3154 
10 26 37 DI-2797 
10 31 28 IW-9065 
10 36 47 XQ-2257 
10 41 46 VX-3705 
10 46 50 QM-4573 
10 51 11 FZ-3406 
10 56 31 VB-9322 
11 01 03 IN-5066 
11 01 20 SC-5181 
11 01 30 IT-7437 
11 06 14 WC-0699 
11 16 05 FW-4032 
11 21 28 HT-4749 
11 26 16 OE-4717 
11 31 42 XL-0186 
11 36 55 VN-7689 
11 41 18 IV-3641 
11 41 57 MQ-6121 
11 46 05 LL-9637 
11 46 33 KQ-2692 
11 46 40 AT-9498 
11 51 50 FF-4282 
11 56 05 EN-5244 
12 06 44 NI-9234 
12 11 18 QA-4856 
12 16 42 TK-8617 
12 21 12 GK-5289 
12 26 05 BC-0697 
12 26 44 MU-8570 
12 26 52 DO-8005 
12 31 05 MW-1754 
12 31 47 UX-1030 
12 36 05 ZG-4536 
12 41 18 OQ-8017 
12 46 09 UX-6512 
12 46 27 AS-8521 
12 56 00 SL-0839 
12 56 08 XU-1904 
12 56 48 LG-7305 
13 01 05 CH-1893 
13 01 45 VP-6189 
13 06 13 JW-5259 
13 11 36 MX-4428 
13 11 45 CL-7854 
13 16 28 SG-3130 
13 21 26 LI-0432 
13 26 09 KU-0133 
13 31 57 QZ-1512 
13 36 49 AK-2236 
13 46 35 BD-5782 
