08 46 51 FD-2717
08 52 42 AY-2194
08 57 48 WV-5078
09 03 36 BJ-4930
09 09 07 OT-0502
09 14 25 FS-3611
09 19 32 DP-6135
09 25 23 SQ-6625
09 31 01 CK-5976
09 36 42 LX-6656
09 42 14 LE-0833
09 47 15 NO-1907
09 53 16 OE-8446
09 58 53 QI-1829
10 04 33 OP-5922
10 10 56 KK-0972
10 16 24 FR-6201
10 22 24 YO-0524
10 28 19 BB-8519
10 34 29 XG-0235
10 39 57 DJ-9459
10 45 03 DH-2465
10 50 52 YZ-0459
10 56 31 VB-9322
11 02 53 IX-2030
11 08 23 VQ-9592
11 13 49 HW-1538
11 18 55 VG-2275
11 23 59 LJ-7985
11 29 46 PY-6651
11 35 34 KC-5813
11 41 18 IV-3641
11 46 33 KQ-2692
11 51 50 FF-4282
11 57 34 CH-5530
12 03 14 PH-8255
12 09 26 XD-7831
12 15 01 AC-9946
12 20 04 EL-6483
12 25 17 RS-2750
12 30 41 HU-6881
12 36 05 ZG-4536
12 41 18 OQ-8017
12 46 27 AS-8521
12 52 22 UB-9408
12 57 40 JM-4042
13 03 00 EM-3026
13 08 27 GL-2740
13 14 08 PQ-8950
13 19 23 JJ-0608
13 24 59 PM-2524
13 30 05 SJ-5336
13 35 10 IS-3397
13 40 44 RK-3908
13 46 35 BD-5782
